load letters_skel.mat
feature_extractor(matA1)

ans =

    0.8000
    1.0000
    1.0000
    0.8000
    0.6552
         0
         0
    0.2414
    0.1381
    1.0000
    0.8000
    1.0000
    1.0000
         0
    0.8333
         0
         0
    0.0286
   -1.0000
   -1.0000
   -1.0000
   -1.0000
   -1.0000
   -1.0000
   -1.0000
   -1.0000
   -1.0000
    1.0000
    0.8000
    1.0000
    1.0000
         0
    0.9167
         0
         0
    0.0571
    1.0000
    0.8000
    1.0000
    1.0000
         0
    0.9091
         0
         0
    0.0524
   -1.0000
   -1.0000
   -1.0000
   -1.0000
   -1.0000
   -1.0000
   -1.0000
   -1.0000
   -1.0000
   -1.0000
   -1.0000
   -1.0000
   -1.0000
   -1.0000
   -1.0000
   -1.0000
   -1.0000
   -1.0000
   -1.0000
   -1.0000
   -1.0000
   -1.0000
   -1.0000
   -1.0000
   -1.0000
   -1.0000
   -1.0000
    0.8000
    1.0000
    1.0000
    1.0000
    0.5000
         0
         0
         0
    0.0095
    1.0000
    0.3004
    0.1009
  -14.5968

diary off
